0.00 0.00 0.00 0.00 0.00 0.00 0.00 0.00 0.00 0.00 0.00 0.00 0.00 0.00 0.00 0.00 0.00 0.00 0.00 0.00 0.00 0.00 0.00 0.00 0.00 0.00 0.00 0.00 0.00 0.00 0.00 0.00 0.00 0.00 0.00 0.00 0.00 0.00 
0.00 0.00 0.00 0.00 0.00 0.00 0.00 0.00 0.00 0.00 0.00 0.00 0.00 0.00 0.00 0.00 0.00 0.00 0.00 0.00 0.00 0.00 0.00 0.00 0.00 0.00 0.00 0.00 0.00 0.00 0.00 0.00 0.00 0.00 0.00 0.00 0.00 0.00 
0.00 0.00 0.00 0.00 0.00 0.00 0.00 0.00 954.82 954.79 954.79 954.79 954.79 954.79 954.79 954.79 954.79 954.79 954.79 954.79 954.79 954.79 954.79 954.79 954.79 2291.49 12985.08 14321.78 14321.78 14321.78 14322.36 0.00 0.00 0.00 0.00 0.00 0.00 0.00 
0.00 0.00 0.00 0.00 0.00 954.90 2227.92 2227.84 2864.53 2864.56 2864.56 2864.56 2864.56 2864.56 2864.56 2864.56 2864.56 2864.56 2864.56 2864.56 2864.56 2864.56 2864.56 2864.56 2864.56 6874.94 38958.01 42968.39 42968.39 42968.39 42967.90 33417.55 33418.82 14323.49 0.00 0.00 0.00 0.00 
0.00 0.00 0.00 0.00 1591.47 2227.85 2864.58 3501.25 3501.26 3501.27 3501.26 3501.26 3501.26 3501.26 3501.26 3501.26 3501.26 3501.26 3501.26 3501.26 3501.26 3501.26 3501.26 3501.26 3501.26 8403.04 47617.20 52518.97 52518.97 52518.98 52518.95 52518.66 42968.75 33417.70 23872.05 0.00 0.00 0.00 
0.00 0.00 0.00 954.90 2227.85 2864.60 3501.27 3501.28 4137.91 4137.91 4137.91 4137.91 4137.91 4137.91 4137.91 4137.91 4137.91 4137.91 4137.91 4137.91 4137.91 4137.91 4137.91 4137.91 4137.91 9930.99 56275.60 62068.68 62068.68 62068.68 62068.67 52519.16 52518.98 42969.03 33417.70 14323.49 0.00 0.00 
0.00 0.00 0.00 2227.92 2864.58 3501.27 4137.91 4137.91 4137.92 4137.92 4137.92 4137.92 4137.92 4137.92 4137.92 4137.92 4137.92 4137.92 4137.92 4137.92 4137.92 4137.92 4137.92 4137.92 4137.92 9931.01 56275.73 62068.83 62068.83 62068.83 62068.81 62068.70 62068.61 52518.98 42968.75 33418.82 0.00 0.00 
0.00 0.00 0.00 2227.84 3501.25 3501.28 4137.91 4137.92 4137.93 4137.94 4137.94 4137.94 4137.94 4137.94 4137.94 4137.94 4137.94 4137.94 4137.94 4137.94 4137.94 4137.94 4137.94 4137.94 4137.94 9931.05 56275.94 62069.05 62069.05 62069.05 62068.91 62068.84 62068.70 52519.16 52518.66 33417.55 0.00 0.00 
0.00 0.00 954.82 2864.53 3501.26 4137.91 4137.92 4137.93 4774.55 4774.55 4774.55 4774.55 4774.55 4774.55 4774.55 4774.55 4774.55 4774.55 4774.55 4774.55 4774.55 4774.55 4774.55 4774.55 4774.55 11458.92 64933.90 71618.28 71618.28 71618.28 71618.29 62068.91 62068.81 62068.67 52518.95 42967.90 14322.36 0.00 
0.00 0.00 954.79 2864.56 3501.27 4137.91 4137.92 4137.94 4774.55 4774.55 4774.55 4774.55 4774.55 4774.55 4774.55 4774.55 4774.55 4774.55 4774.55 4774.55 4774.55 4774.55 4774.55 4774.55 4774.55 11458.93 64933.92 71618.29 71618.29 71618.29 71618.28 62069.05 62068.83 62068.68 52518.98 42968.40 14321.78 0.00 
0.00 0.00 954.82 2864.53 3501.26 4137.91 4137.92 4137.93 4774.55 4774.55 4774.55 4774.55 4774.55 4774.55 4774.55 4774.55 4774.55 4774.55 4774.55 4774.55 4774.55 4774.55 4774.55 4774.55 4774.55 11458.92 64933.90 71618.28 71618.28 71618.28 71618.58 62068.91 62068.81 62068.67 52518.95 42968.19 14322.36 0.00 
0.00 0.00 0.00 2227.84 3501.24 3501.28 4137.91 4137.92 4137.93 4137.94 4137.94 4137.94 4137.94 4137.94 4137.94 4137.94 4137.94 4137.94 4137.94 4137.94 4137.94 4137.94 4137.94 4137.94 4137.94 9931.05 56275.94 62069.05 62069.05 62069.05 62068.91 62068.84 62068.97 52519.22 52518.92 33417.55 0.00 0.00 
0.00 0.00 0.00 2227.92 2864.58 3501.27 4137.91 4137.91 4137.92 4137.92 4137.92 4137.92 4137.92 4137.92 4137.92 4137.92 4137.92 4137.92 4137.92 4137.92 4137.92 4137.92 4137.92 4137.92 4137.92 9931.01 56275.73 62068.83 62068.83 62068.83 62068.81 62068.97 62068.61 52518.98 42969.02 33418.82 0.00 0.00 
0.00 0.00 0.00 954.90 2227.85 2864.60 3501.27 3501.28 4137.91 4137.91 4137.91 4137.91 4137.91 4137.91 4137.91 4137.91 4137.91 4137.91 4137.91 4137.91 4137.91 4137.91 4137.91 4137.91 4137.91 9930.99 56275.60 62068.68 62068.68 62068.68 62068.67 52519.22 52518.98 42969.10 33417.70 14323.49 0.00 0.00 
0.00 0.00 0.00 0.00 1591.47 2227.85 2864.58 3501.24 3501.26 3501.27 3501.26 3501.26 3501.26 3501.26 3501.26 3501.26 3501.26 3501.26 3501.26 3501.26 3501.26 3501.26 3501.26 3501.26 3501.26 8403.04 47617.20 52518.97 52518.97 52518.98 52518.95 52518.92 42969.02 33417.70 23872.05 0.00 0.00 0.00 
0.00 0.00 0.00 0.00 0.00 954.90 2227.92 2227.84 2864.53 2864.56 2864.56 2864.56 2864.56 2864.56 2864.56 2864.56 2864.56 2864.56 2864.56 2864.56 2864.56 2864.56 2864.56 2864.56 2864.56 6874.94 38958.01 42968.39 42968.39 42968.39 42968.19 33417.55 33418.82 14323.49 0.00 0.00 0.00 0.00 
0.00 0.00 0.00 0.00 0.00 0.00 0.00 0.00 954.82 954.79 954.79 954.79 954.79 954.79 954.79 954.79 954.79 954.79 954.79 954.79 954.79 954.79 954.79 954.79 954.79 2291.49 12985.08 14321.78 14321.78 14321.78 14322.36 0.00 0.00 0.00 0.00 0.00 0.00 0.00 
0.00 0.00 0.00 0.00 0.00 0.00 0.00 0.00 0.00 0.00 0.00 0.00 0.00 0.00 0.00 0.00 0.00 0.00 0.00 0.00 0.00 0.00 0.00 0.00 0.00 0.00 0.00 0.00 0.00 0.00 0.00 0.00 0.00 0.00 0.00 0.00 0.00 0.00 
